[AnalogParameterDict]
sample_rate = 100000
return_time = 0.01
target_device = ['X', 'Y', 'Z']
axis_length = [1.0, 1.0, 0.0]
axis_step_size = [0.025, 0.025, 10.0]
axis_startpos = [0, 0, 0]
sequence_time = 0.015

[DigitalParameterDict]
sample_rate = 100000
target_device = ['405', '488', '473', 'CAM']
TTL_start = [[0.0], [0.0050999999999999995], [0.0050999999999999995], [0.0050999999999999995]]
TTL_end = [[0.005], [0.0081], [0.0081], [0.0081]]
sequence_time = 0.015

[Modes]
scan_or_not = True

